15073804337
18224095011
15928439097
18473879251
15245887943
15704582094
15145813324
18383840542
18711863426
15196334143
18383860434
15708003492
15881473240
18380424237
18380148894
15004354705
15707888138
15708971320
15984949594
18249809174
13402880995
15183693493
13658169406
18411418045
15982843893
18482363558
15243869473
13438174924
15078508404
15804358964
13658176234
18224045167
15197854112
18280433020
18383800042
18774432762
15973097244
18224037902
13945891474
15883660421
15243858661
18782178911
18280412327
15071707833
18773814434
18283828640
18474686227
15289086224
18482597319
15183697467
13668314074
15281451485
13438205882
18383834686
17807708464
15892485490
15883827342
13469470665
15765994097
15243837886
18774449535
15873842827
18383844283
18281094819
18374132704
18349340182
18482375421
13419299721
18845868743
18282508224
18711895944
17872267974
13408074272
18349338659
13796490924
15282866454
13593669227
15282891429
15873842287
15883691462
18374258546
18782233522
18774435210
18380646842
18224451198
13438224760
18744524778
18458161837
15926737050
15706599823
15926734207
18383830432
15700418410
13404679628
18745894152
13689655840
13517760894
15283807814
18845851784
18349341500
15973805354
18272455497
18774448061
18224062327
15834554206
15243862366
13469478847
18773894544
15104359640
18374144330
18383858480
18780034146
14702866298
15082572574
18373851524
18284837342
18773898374
13438315921
15080808841
18710461184
15183861104
14702868546
18745883814
15926796501
15246938478
18772383235
18408222529
15982427387
15844555410
18308416145
18224061961
18782074332
18374143034
15080826044
15883673214
13438134226
17847552438
18349316415
18383848704
15884296145
15114355461
17873837154
13438490820
18445826411
18482247193
18349781071
18482382414
15145820547
15883807264
18781049742
14702866132
15181010461
15114306348
13408044205
14728991726
13557269854
18280347061
13477640060
15948420794
18383801745
18383845749
18227140456
18216451425
13550613449
18402835474
15183881460
13628106541
18408234693
13458582337
15982340187
15115810448
15183685477
13438069214
14797711675
15143506463
15289086234
15883447318
13408677183
15982941402
15973850424
13550618184
13689669433
15273871946
18473844769
18271531487
18782270494
15071713775
15982408177
18271544481
18308412461
15073885924
15224594884
18428086179
13635878225
13476626234
15947944607
18482599419
15282855224
15778988305
18478205789
18482379464
13458659284
18383840034
15948900564
18380411966
18200423837
18283807410
18380437461
13689636491
15926716494
18383830724
18324588146
18202842263
13698189847
18482300225
18383828482
13550602421
18207729740
18443251564
18200429662
13689650744
15183689214
15282866747
18374259826
15173840370
18200423505
13408149764
18280409712
17878656034
15183850654
13409924599
18281084012
18383804675
18845859416
18224220674
15143596491
15883422410
13458493449
18483106064
18373881114
15971334179
15243809377
14702851670
18781939439
15073833547
18445823340
13438184152
15283808472
15884264319
13408498718
18224060529
18773861874
15183696834
18308417462
18224410702
15776002547
15828436704
13408062409
18483129425
18772500522
18374143908
18443250784
18349303271
18482311019
15926749475
15084293095
18280580499
15726704650
18402839169
18380430591
13658174493
15282859745
18308433594
14702852257
18473888759
13668303244
18373876400
13408052547
13664581402
15774586426
15883446845
15282860924
13407484133
15928438025
18380121249
18383844040
15886194463
18380446299
15726707740
15183851774
18228049861
18349315007
18324682742
15707866627
15196646605
15892479984
13886441204
13438169064
15883849460
18374146027
18408207381
15073846749
13408638006
18380132482
18428087685
15273885487
15145800549
18328539488
18845868429
13419286779
18308431246
15183838419
18782005885
18280586594
18380440796
13636092750
15828668594
15973846758
15982452797
15023452741
18445812334
15984930240
14708003432
15273834276
15982142507
15884274362
15982469291
18483636515
15115847644
18402874730
13458627527
13438826415
18728042944
18774445878
15282895842
15181093944
13658163734
18411417777
18482024005
18482309164
18280413528
14702852044
18773803564
18280452510
18380141062
15883847443
15883843141
15282861647
13881043485
15982247379
18774438015
15273833404
18710924745
18349155061
18482317372
15973800204
18249894249
15883675548
15708906742
15183823994
18200140115
13469470030
18380416573
15144554403
15883625248
13438147077
18349327956
17873845146
18482337986
15883644575
18240601527
14797711801
13658167430
18482594287
13438489118
18380145617
18304585464
13438149541
13977604474
18283847074
18383859415
18380141186
18781048419
18772514841
18328434849
14789095278
15984904684
13409745428
15084288334
18711892429
13628105641
18383859764
18272459909
15183806942
18482286678
18373842246
13766147994
18781940805
18328431939
18383846435
15197813234
13458639477
18281042461
13689661349
18482290626
18473856863
13654354960
18380112241
15984906514
15114303574
15115870449
18380147029
18331854489
18728045420
13689629645
18383801147
17872254864
18774432321
18302843767
15907252503
15197898141
18281046794
18724589043
15072724593
13697142652
15708970127
18714588634
18482120152
13487990155
13846652546
18473814116
18702894507
15926759974
15926785796
15828202194
15706594918
13658169471
18728040144
14708115491
15897380946
15181042274
13550600104
18390548506
13404674191
18380120784
15071702465
13636044950
18249806842
18398443511
18383804903
18428377362
13438805920
13419292144
15971404043
18383845416
13438012791
13438135185
18227111774
15982349625
18402871405
15828494029
15902847090
18780043565
18473881970
18349383478
15183816994
13419278126
15884278465
13658170417
15183871245
13894544661
18249814903
18380642241
18482378475
18307384802
15273828314
18402835780
18483670681
13408642110
13550655437
18383803340
13419293207
18374119432
15873824408
18443297386
15114012171
18280574004
15282890492
13689656864
18380425670
18308430345
18458139445
18773833348
15243803652
13438122893
18374276816
18380102649
15706578817
13461470214
18711842059
15881031384
18783168564
18383860104
13658167594
15774586461
13843573314
13487386904
18328514238
18402863386
18374253635
15183665074
18473844152
15245877547
13438184235
15040680256
15134664731
18280584078
18383854355
18383850646
18349110332
15973086154
18317395584
18774459423
18216494428
15883403406
18814784136
18280242176
15114085660
15707866742
18390585244
15273837742
13438339374
13402885947
13635889174
13843515714
15181013498
18781949677
15947944089
18216462558
15273838746
18349377266
13408422330
18374258348
18774444115
15984927347
18402863216
18272452839
18782084398
18482316537
18772502463
18845851427
18200341165
18380104928
18216452383
15243826269
15708906249
18482161704
18845854025
18473842885
18482352474
13995904764
18473882540
18771661774
15982493693
18711834605
15883411743
18473850907
15183857471
15883815714
13469495630
13634581494
15243897853
13408568129
13872045166
18383801459
18482315973
15984926904
18349178557
13407384943
18349379821
18280425765
18349377210
18428319967
13647137248
18349347434
18774435036
15982450277
13568715614
18702821492
15984925409
15973866462
13419287105
18814584060
18482255776
18702894149
15196344545
15115827034
13438928856
15928423312
18728492773
15243897250
13846660594
18380415865
13846653342
13419273206
15926772563
15208243031
15282861940
15197824026
15243800323
13419276689
15197895414
15883807034
13796517431
18227193244
15973822254
18374144186
15273820034
18280536548
15273817834
15183690343
13550614514
18445840874
13550605143
15282893074
18402886836
18383854795
18383804530
18482024108
15243862537
15844585264
18383851364
13689650482
15883404465
18408201594
15208493057
15183844243
13469489145
15273835940
18474654312
18280345289
17847553141
15947945394
18482335987
15926758774
18728495756
15884293743
18249877914
15706595628
13408491907
15143594706
13668301405
18482155964
18308414724
18771590787
18782200158
13408384654
18280599249
13843589496
15902840710
13461474506
15928147182
18383860943
13438039078
15926738057
15208342107
18845800143
18349316020
18814784895
15243883779
18349312822
18408255044
13419279879
18474555194
18383808426
13784086403
18308416141
15982048715
13618106412
13408644166
18483101848
18349321396
18224071263
17845088460
18402870917
18227196147
18408203570
18780148481
18402858944
17872883564
18380198924
18216461411
18349313465
18280509914
18711882374
18328547663
18227179524
13844594667
18349350013
18411428706
18380405505
18782257489
18349331296
18283851894
15728911146
18473844357
18373848412
18380872947
13438235089
13438038400
15707188048
18708158143
18383834850
18281089648
18445820412
18224077350
13404673524
18383838743
15883812204
15973876344
13438371229
18478216320
18328528504
18215646619
15282856354
18308416144
18845862841
18349184664
18374260142
18249876479
15134660547
18224452509
18774440813
18482313923
13635831468
13886429645
18281029456
18782449130
13407488153
18349351101
18782241044
18402867295
18714761442
18281069410
18349377498
15183883947
18200421280
17872558402
18773897764
14726513201
18349351689
18383846948
15804354120
18774448112
18711895409
18408202335
13796481754
18482378932
15883669149
18774449428
15273847674
15243883267
15183899470
18271533008
18228910644
18390542451
18380104585
18380405807
18273804727
13945889324
18428097952
13467887155
15134663574
15844551304
18200416030
18773888744
18773848144
15773479503
18380140051
13696196443
18200416260
18224022902
18846238145
18482352819
15144584167
15197844344
18380646994
13419284652
18272143073
18774431735
18380645469
15297304864
15281046756
13438491650
18773841242
18482294858
13658166748
18380414101
18482375820
18308154681
13658175407
13461479441
18349379245
13550655461
18482349437
18390580034
13620727914
13488903174
18404583461
18408239496
15926723952
13610760304
13402872758
18308417476
13438114621
18782273178
18782460998
18328547518
15114030889
18349101863
18328547179
18782419902
15197880240
15273863614
15271554774
15883689104
13438807987
18390544632
13438038553
18200487795
13658176342
15775361435
18224065702
13408644841
18224010629
18280142007
18227177147
15072743855
15073814649
18782248061
13408543585
18473868227
13614350401
18345895479
18383845844
15883443988
18482334755
18782004677
13550657944
18782418982
13419034065
18328546484
15982842750
15183680048
18380134866
15243893285
18349188042
18845841547
18272455400
18473844262
15926748463
13409869654
18200480691
15984937446
18428376002
18745892541
15973849152
18402855692
18272141541
17872267074
13845827482
18383854722
18349341569
13458663201
18782278473
15197869422
13419278993
18224410316
13438102829
18845814049
15926712253
18304581473
18714775420
15926772579
15948553644
18216459488
13657133940
15243824752
18711880049
18224443937
15828140825
13687132706
18200542011
13408049340
15072737385
18772514718
18481908081
18782402314
18349382689
18374259021
18280401905
15183820974
15089087174
18782010547
15884259415
15973855304
18272154402
15282852436
15734584547
15754584841
15828407603
18478213250
15144554436
15883844755
15073840954
15282870460
18474694773
18272456975
13419292973
18272457035
13986551370
15973826740
13504574562
18711824044
15874637764
18373809741
18774446765
18380108411
15828198449
15281452934
13469882349
18280141837
13614581034
18244419642
15208489790
15971405461
15072735650
18380142515
15202840872
15884284643
17873804404
15197884805
18349381879
18781944438
15892469024
15892483649
15883438401
18772434541
18482063369
15945804604
18227194043
15707135826
18281088594
18281005486
15080840443
18482313275
18478213217
18224043730
15208349250
18380109534
15884285004
18714582145
13636071304
18202840633
18200467677
18402813379
13687138016
13635864218
14794580249
13678384434
15884287042
18280511544
15089046654
17845083849
18782281902
13658152843
18408278392
18481949064
18380414009
15282879414
18428305256
17872251430
15884288504
18781925346
13467887060
18383833457
15873829941
18845831674
13518988240
13689658749
18482327007
18714774606
17872251541
13469489316
13469470249
13469483229
18324684036
18380436379
18328521493
13504571478
15282891704
18349311384
18482535435
13550622407
18383838864
15271624533
13628077934
15243885159
18227124446
15706579617
15073883414
18380454298
18383832547
18458248565
15282885470
18483653173
18374260545
18380111204
18380104679
18291424023
13696193624
18224082986
13668315764
13872043166
18349182993
13658173494
13419276577
18482937093
15883431344
14702868064
18482343807
18324584137
15873851460
15708905602
15243895340
15282884124
18773844950
18482389710
18772449185
18228041368
18782237669
15273861047
13438019702
18773827436
14718994811
18200428526
13419028670
18374276431
15843586940
18782011456
14702851721
15243826547
18774439079
18772440295
13408144202
17873824448
18773864421
13409740706
15273850474
13550607438
13438853243
15183688945
18380427635
13407488023
15197849048
18482393085
18200476751
15704583049
18745899147
15776065440
18814581407
18782556462
18773843115
15243882477
18374260040
18711883204
18383854424
13408627635
18783151485
15181936814
18216495510
18702819402
15273800974
15183812246
15243830636
18478207430
18702875964
13469961912
15243831401
15982492103
18349399155
18774433749
18331884657
15873841722
18349235907
13408434030
18280547244
15198048783
13440147473
18380644903
18227146452
18383808415
18782496736
18483124362
18280483116
18428065638
18845811641
18374111232
15708973229
13438362632
13438227998
18349381910
13636139219
15979247144
13658167874
15928406009
13408639125
18349342314
18724589403
18283810344
18782000480
15283879418
15073879264
13618104062
15948524421
13438390705
15183664719
15707174811
18473879433
18224017312
18711800745
18281039472
18473845258
13547042148
15171695438
18374257655
13438102483
15183664194
13550606342
18280471900
15897384554
18443565463
18280437976
15043551374
15197879244
18774459266
15873810645
18200540736
18380409990
18248490905
13689668046
13408684979
15289198243
13469495607
15183820402
18814858773
18227197804
18383832246
13408593861
18482326424
15114031197
13550634788
18227146459
15982249951
18702841923
15708946306
13636026487
18249899431
18404584039
15884286422
15071706249
15883671754
15883448406
18407463497
15754583074
15884279476
15043588543
18714584260
13458649653
18200469712
15071705872
18349324572
18349343215
18380141904
18390538443
18483688951
18380110649
18704359468
15843514516
18482396923
13438367049
18780141973
15114021721
13944598064
18778612694
18224096752
18380139447
15181014476
18714764611
15708966748
18771614698
15273869242
15244919073
15734584099
15243897036
18308415334
13438224559
15243818426
18383844091
18302842397
13488984376
18200427739
15183811024
15737209596
18272458879
15181034207
18390547433
18728571754
18402879842
18774459005
13636115940
15883625743
13668306427
18349329295
15948564213
18443250473
17872874846
13408061938
13407388601
18478205915
13593689727
18340426704
18216461335
18782269636
18349390837
15926772876
13438215724
18383848234
18374104816
15073828948
15926721414
18224420392
18280471375
18374127903
18380409450
18374127605
15873857454
18483125334
18745803247
13408538347
14702856652
15181012849
15243801855
18773887043
15971406826
18383855244
18383842074
18780089455
18380142807
18308415415
13476754299
13458965284
18473867355
13408579369
15273877941
18308413467
18349327911
18482328128
18782251406
18224423168
13438178719
13438047995
18402886687
13476742180
15282891264
18308419437
18271544699
18380410447
15289091547
18402874467
15273867646
15084291892
18782468133
18200448951
18845847742
18445820214
18402867124
15734588574
18328529470
15183687644
13419294673
18845814331
18283837204
18711840759
18782203911
18711876434
15196645067
18349394703
13995924885
15282858346
14702852644
18428324726
13658160492
15892485724
18780185543
13550628047
13461474168
15981604163
13438106625
18272141128
18224050870
15982487162
13704350914
13419281526
18482320053
18402899759
15183673564
18780045315
18782280945
18383861024
18308419104
15708948024
13689640484
18458206083
15197870346
13504576402
18227189949
18782216851
13689634740
18402830298
15273854547
15197845144
18411406499
18244411049
15244945615
18281034154
13419283882
15883808664
13469482938
18349381897
15183882641
18374144430
18374144083
13488923509
13974679748
15171637773
15973838604
13408635639
14718906155
15873838448
13408634904
15883656431
15904581854
18249870294
18200462358
13438295017
18714780466
18482307953
13438170118
18328509714
15843584709
18280247169
15243818743
13636104252
18474690210
15183837848
18272458760
15883413142
15892487984
13487389347
13408043438
18482399404
15071713671
15114394338
13408004883
18273800340
18383836417
18374103351
15843582884
15883415647
18383849754
15004355849
13419039500
13438142981
15183806504
18482023810
13458679318
13469885209
15282861274
15873875542
18774458628
13890814824
18224417692
15984903462
13689660645
18380117354
15071674662
18711843925
18373847538
15928455357
18383832142
18898031643
18216492268
15884274624
15984922642
13438360373
18428375509
18780132146
15102841196
14702852093
18317738245
15282863114
18745809452
18224012027
13408656302
18782203740
18458485104
15245891334
13845863541
15897381450
18714763247
15704148442
18774431608
13438474052
15197883646
15776002124
18349129958
18349340139
15072727440
18308431040
18302849178
18284220242
13409886152
15984905394
17832404732
13408568116
15982842951
15982944040
15282882604
18398139624
18482565260
13698183544
13438800174
15844582474
18845806894
15883670644
18428384642
13635870263
18781044545
15089059714
18383801645
15765876364
18714764061
18374251479
15243822140
18224020135
13694584094
15873858944
18383847104
18773882854
18380455046
18280420802
18782400847
18482305190
18280243898
15945801946
18773884104
15181095247
13469472001
15884527576
18482065807
15884284217
18482595968
13658164334
18383801417
18774449736
18349390351
18227111514
15776000545
18380641442
13408680530
13986554208
15984910544
18380401102
13469498312
13634584428
18383859549
18383849449
13943590324
18702831478
18308420141
18324581453
15073822144
18349376452
18200469537
18281047047
18814784283
15883414044
18308416042
18380645426
18728554811
18280146932
18200431293
15114018176
15843519474
15982146615
13620740464
15228675404
18482036615
13658100432
15883694743
18383849480
13689630408
15072786543
15089044983
13521519442
15708999402
18482375317
15243866423
13408550398
13904242194
15007384651
15243891123
18227106634
18782094882
18408295910
18729907540
15183811824
13766745249
13694584628
13689658340
15704584940
13408042968
18380138642
18482317291
18380644900
18383848624
13438809964
17872872024
18402863182
13689639745
14702882694
13477666799
18774457574
18408288213
18383861458
14704582374
15243806957
13419024757
17807709427
13658170364
18380345575
15881477754
15883670402
18280435650
13438216017
15982408206
15273884847
13438157090
15297332730
18374132593
13943406243
13636029736
18349340976
13438294460
18411449703
18281094544
15043584153
13458661493
18380420622
18782203459
15873865654
13408641419
13487993912
18289114710
15704584470
15984940404
18702860482
15094566364
13419027338
15734378174
15282878994
18482353323
18200347087
18224027278
15879956340
13648106249
13486186741
18216491947
18281042470
15243897732
13807466463
18328504838
18482323404
15727134042
15282896401
18349302540
18373853224
18445834685
15115814011
13438305579
15982943415
13408624634
15115874412
15073846020
15873811546
14736081967
18845834765
13438466299
18224410331
13419275571
18780050946
15983842054
13419290748
14702851309
18224020653
18478216559
15183663485
18728564802
18271562199
15073809624
15282853405
13438806473
18349106352
15926785235
13408005525
13597547855
18374120140
18373804834
14726513405
18273839864
18280478506
18740498683
15282866584
13658178417
18482343548
15883674493
13844589453
13476664454
18474764310
15883696324
18482374995
18774445709
13419385881
18328528914
15134664606
18281020455
18771614628
15926793879
15114010670
13995934953
18382802814
15928495887
14702852029
18482385816
13404674641
15204584627
13628073462
18224099371
18428058869
18845843684
17873824904
13593692082
15892487540
18328043007
18728457620
15072483470
18200436695
15282880443
13458597160
13408502772
18349108359
18711891435
18423358340
18390544431
15183673946
18383849745
13618104469
18782256974
18714764145
18428082290
18445827948
13469493565
13438011644
18380116429
18380140223
18380409812
13618100436
18200403163
15246949442
15873824459
15183883374
18782431341
13696194847
15883697454
18380418014
18272453403
15273884004
18374132596
18745892464
15973822347
15928406156
18383800482
15183817074
15089044854
15183897435
18373855214
13843590104
13487991854
18714763504
15973870144
13550630364
15273833432
15282883014
13550665348
15071687230
18728044088
15181044426
18374269608
18349344098
15183818435
18224077926
15143503415
18216450180
15883424264
18782259757
15982043602
18323250506
13438178764
18428375168
18349329379
13419375612
18380401054
15892484385
18380404891
14702868280
18204586485
18711840052
18771584443
18478203051
13407484822
18774432712
13471023943
18711808114
15282852340
18482344323
18411443606
15115847234
15273844456
18711811640
17872251743
18200147190
18411436847
18482309160
13438922005
15282893465
13894537643
13438355658
18428373567
18782091482
15928427815
18783841482
13658150847
15078507284
18782265236
18782214330
15181086134
17807704987
15114302479
13438845354
13549077515
18374148446
15883824420
18402859851
13402876703
15892488429
18349337985
18782250771
18782235704
18308417414
18845814714
18380641460
15243868940
15198248365
15144554697
15173814556
15071669410
15873839742
18200345863
15008344032
18280584167
18482399141
13846646944
18711821824
18402865213
15183680940
14794588246
13438219431
18349236492
13402829020
13689627147
18782411584
15282869943
15928455957
15273844204
18280245623
13614355843
13469493641
15282851147
13467386714
18224033310
18482339119
18380411382
18380646464
15973814642
15883809543
15181089243
18380420145
15243834412
18782227445
18474558684
18200419212
14708001802
13438350984
14704582014
18249880964
13438497162
15928848009
13488959316
18408234106
18227193844
13419295474
18308421497
15243888116
15273844239
18482304065
18728430869
15283859439
13476576548
15183696463
18478203361
15775394992
18216450357
15183651824
15984945815
18402892084
18349378930
18390582844
15984914939
18428083859
15828216384
18374258938
13469470150
18482118488
18845855247
15708977309
13704143485
18408257224
18200436889
18308419774
13845892214
18402850012
18380400848
13488972725
18474793170
18473842055
18402856299
15183680740
15883830224
18328525714
13419283797
18483107460
18482367536
18428085553
14708000635
13550668434
13618108947
13477602005
15892487141
18482357037
13995942592
15907388740
15183655401
13438091512
15196344738
18200498958
18380429050
18374115722
15273894064
13843535487
18272459900
18457721077
18402899701
18380409503
15073864456
15873894743
18782178186
18445825341
18845807546
18782207191
13904942484
14702823174
18774438435
18439278561
18216479534
15883650404
13635871235
15173884996
13807466409
18383854488
15115874106
18383846420
13630750541
18473879205
13438045377
18249889472
18349329428
18473850100
18745817478
15926727600
15080849250
18380407645
15208340233
18482399572
18349185950
18443296585
15765999674
15873809421
18215548606
18349311490
15073899244
18482390660
15883816174
18711843329
14708005881
15243837443
18383840004
15708906696
13843570774
13419042858
13943588204
18728493100
15226974176
18457777496
18283836410
18773843730
13669030565
14702868092
15283856643
18482238049
15283866486
13419280578
13402816992
15243866475
13550609094
18402896287
15183661435
18373837141
18482351584
18328516040
18383843341
18782217069
18249817410
18380403969
18224475360
18227188446
13581263798
15984924952
18473881257
13487032487
15883402884
18380448673
13408019880
18374131024
15884279482
18272143268
18349351053
18380647164
13673063086
18200406720
15928480367
18280348217
18349377835
18308432437
18345872649
15283867940
13843581034
15243445723
15144340744
13995944195
15071715895
15196344886
15197808246
18280499285
18428376149
15973879324
18402840459
18216453850
13408024474
13550657434
15183868340
15207250546
18380157184
17831945614
18374142305
18383848334
18324688541
15928496037
15282856452
18458240782
18380104728
15928431872
18745807464
18845823164
18303234173
18345892504
18380420787
18272149544
13419279921
15243850173
15141407156
15073878840
15884299465
18281045240
18227192424
18308431384
18280547483
15844559594
18428339055
13438131043
18249894659
18383804252
18729026864
18473845313
18280349377
15183838747
18711869642
13407384049
18473899147
13488978329
13796514286
15145834982
15883841641
18200240197
18324665042
13618670426
13467889741
15902843780
18383834039
13438123374
18328433836
15114038193
13438245471
15971404702
13674588924
18482161070
18383114867
18781984031
18224462619
19844930942
15173898974
13409915854
18349399421
13438399122
18390574827
15926727626
15183842749
18404585224
18711806364
18383832428
18408204452
13488994751
18782299587
13458682960
18374143012
18304354483
18782273897
15884276542
18782213505
18783844471
15973824007
18402879603
15883417941
18200411761
15774584083
18272455007
13704353864
15183697940
15928942852
18714781438
13438477426
13871975743
13408630450
18782429213
13469494354
18383845046
15828416896
13419281519
18782266377
14708000471
13458623553
18349328308
13766146284
15114072237
15776001481
18200347601
15973837234
18280243161
15892487447
18402861808
13458537757
18728499134
15926715396
18482370130
13438807244
18402881626
15973851314
18781974458
18373824604
13438268069
15183681943
15873824723
18780024145
15707174511
13664581454
13438179697
15897387204
18473873602
18482376319
18374104601
15183856624
15243804233
18349185684
15843511734
15984935471
15843514809
15243868938
15707197340
18773843370
18349327834
15883669431
13696194827
18402855409
15874635604
15282887714
18349377191
15183686494
18272144379
18482340294
15173845061
18445811924
14708017089
18380646478
18483666994
15283807406
18383840456
18328509354
18478213973
18711841430
13419031996
13463308203
18380194239
13843572402
18402847240
15883696348
18782273880
18324685640
18782284476
15708003240
15754584043
15873871941
15948538473
18478353441
15073861514
18782241830
18227124413
15273884520
13408615328
18328042835
15115845418
18474670153
13894580914
13843518482
15982406616
18328432916
18380424785
18383806435
18383833463
13408646135
18280556242
13408614330
15982439982
15984941540
18783840548
13402880519
13438815240
18200419990
13636032539
18224090353
18445824642
15982141112
15243869275
18780037124
18380457400
18280574457
18772382601
15183809649
18782185841
18402894963
15774582840
18390545608
18411442086
13438481398
13419296589
15040682792
18408225208
18272452646
18714584356
18772447266
18408220791
13408490651
18380441396
15926771605
18728499182
18473850461
13644674417
18208012543
18308432478
18380104458
18708114238
15994372953
18311475339
18845824431
18714781402
18224056382
15883694854
13408388101
18780012674
13634454651
15181010104
18473826433
18374134835
15197422747
15143594830
18782209171
15708948711
13766186374
18349348155
18846236449
15071672420
13846632445
18280542734
15208248785
13668318944
18349339445
18483127424
13438031016
18402880739
18711847145
18380407855
15873813304
15283803147
15283869904
18280574620
15183661462
18280147260
15273854298
18349339914
13618100421
18774431367
13678387124
15982426398
18280595407
15196349043
15883633407
13409821474
18380645435
18772430996
13408594751
18772404028
18402865082
17878673907
15883412241
15197849747
18781049474
18349138220
15982493136
15883420864
18380159408
13796515694
18773841034
15944501462
15706599220
13668308141
18380145071
18773854833
18773859243
18478364385
18380411751
18216482508
15073843217
13689664264
18457793326
18349350285
15115893744
18308431475
18774459636
18711821148
15183688604
13419292143
15243883470
14794585624
15883687384
18478213651
18282551446
18482208533
15873819304
18782422612
13487995741
15243824765
18374146800
15883806149
18280483563
18349395955
15183838348
15707166917
18408239280
13409821349
15184406516
13438134863
18373827044
13438174729
18724587648
18473834800
13550627284
15828194902
15926732322
15073871614
13419281550
18345892487
18380453789
18845863784
15228847523
18846234828
15994130619
18771661047
15071665414
13469480249
18782234908
15884292774
13704354993
18711805471
18483667024
18272144882
18773889914
18224459605
18445840467
15243839460
15982148728
15971404798
13438990105
18349349995
14708016542
15843510984
13419039474
18773850234
13471663207
13945888904
18383845542
18482361632
15243486452
18474694170
15208497159
18877637097
13419281374
18482304427
15973878424
15708999270
18308417224
18373873514
15183811643
17879348211
18411403704
13402822535
15072727851
14728991737
18349234126
13618104324
18714587454
18380417526
18227193344
13476716988
15928493575
13844545614
15883403429
18482161534
18478216253
15984948587
18244415455
18200469823
18482311976
15973857640
18482371847
15979254871
17872251045
18390511423
18774446743
18200463560
18428087265
15883681477
13408388847
13697144614
18382461156
18272140058
15928409385
18308421840
13461475750
15774584271
15883428104
18780031545
18200495520
13408465860
13438186602
18458425681
15243897849
18704582064
18711804068
18408209936
15204585459
18216498132
13487387441
15183873643
18272459255
18724584152
18780017941
13484018219
18200145809
18200485733
15114061317
15828204704
15228946055
18780048867
15243825466
15754589437
18215547339
18411566866
18700834452
18383844747
17845084955
15282885341
15282861417
15982347587
15973802364
15883646497
13674358754
18439290603
18383862460
13894534196
17872254481
13658176412
18845833684
13438936022
13419281471
18308449672
13408382654
13438376779
15982421286
18228042670
15114021715
15907383425
14702866087
18380117894
18380140557
15246946043
18404584911
18390544421
13547041419
15243897932
15243881269
18374271220
15884279694
15243824027
13698184874
18200480605
13487038044
18439277082
13843539184
13408562775
15071692892
18349131009
15273854483
15073893104
15197847410
14708001869
15881470224
18216472876
15273825384
18772444498
18349348419
15145801224
13550637470
18711875943
15282859049
18473800982
18380440823
18272143387
13419271502
18773842544
13438820131
15197888424
18482396330
15928145207
18216484328
13438292682
15243828307
13504574481
15243832947
13438159047
18349376781
15196338904
18308418468
18383844439
18445824184
18704584064
18402862427
13458577607
18374146905
18445830847
14702866207
18224030151
18308431604
18702825480
18216486325
14702866154
18349343774
15708902423
15982415829
18714588134
13550600184
17872550924
15883431894
13438197611
13628079041
15073840143
13668301514
15177465619
13659038471
15873846457
13658164245
15282871154
18224011861
15283859284
18224413391
18728045445
18714587364
18380447616
18482314336
15273844101
15926757082
18711896604
13886419218
18289112488
15073828054
15994366421
18380423644
13469478151
18428330262
18771581420
13550635594
13419273989
13438918167
18714584396
13689629746
13943402143
13409701948
18482078293
13438473140
15008395481
13469478926
18380422852
14702853970
13488963357
18780034023
18227194497
17873824924
15704584939
13843591409
18380120743
13944587184
14708013398
18227198047
13438853161
13469495547
18845802480
15883689470
18216498921
18328546829
18782217081
13658166944
18224461615
18711895446
15183685774
15281724383
15984921094
15881469421
13409670501
15928942877
13469498547
15181029449
13894544643
18380642374
13419021737
13843517154
15881472814
15828491803
18323498700
13604453847
15879954291
15926728283
18782249521
18380114390
13986564088
18845864143
18224002872
18444060480
15883669842
13658107245
13408593012
15243864572
18383845343
18349316497
18782258143
18711845023
13628072104
18772512224
18711836214
18383860114
18272454442
15984924486
15243858362
13487389247
15883841804
15208485393
18711845530
15094584182
15197888514
18383808411
15926738807
15828494828
18373877414
13469478300
18249606402
15973877404
18782046029
18380641824
13408620674
18200147076
15071714007
18280587491
15243836462
13458651021
18380417072
18408208426
15283804847
15734585450
13438922002
13689627401
13438358438
13408032072
18383844894
15089046494
13408621219
13438034474
15926792919
13408520173
18380417453
15243819743
18474658772
18343650450
15197898524
18478218039
18272149405
18308416405
18349379566
13419286708
18411452530
13689633494
18280480907
15197830234
15080826145
15774583419
18328514715
18482310682
13458559412
18227198843
15171608452
18349389528
13844544705
13438804526
18774459913
18845819643
13697146246
15183898054
15926722894
18272454624
15828221459
18711814947
15883836854
15183810429
13550609421
18445820654
18200473685
13438018491
18280415161
18774451943
18380345377
15282847514
15708004136
15926713712
18216471376
18411416428
18773827014
15704586624
13467889949
13778745087
18404586548
13644368693
18780071435
18328540334
18482330268
18482385031
18711895240
13628101124
18780074876
13658107468
18482376163
15982471923
15982480553
15884256814
18380401142
18482289952
13846649432
15183689684
13419027412
18782414895
15282850249
15243885072
18782241251
18380441904
15765994415
15884294710
15944583749
15102843602
15273840282
15726711774
13461479640
18711818342
15208340632
15197844514
18224045361
15708943060
18349348060
18224083912
18280245059
18200479270
13634454771
18483104538
18308430149
15282880640
15183867564
18774438728
13487027122
15114354263
18224063316
13438047632
17872891984
15282877465
18474667895
15208490797
15883675944
15926715984
18482580254
18383830429
13664583074
18383809549
15071687537
18374107230
18374636148
18445824704
13408612387
18200408689
18227199441
18411419839
15883845484
18373841115
18390541624
18704585204
15879454324
18411405511
13438820710
13429835772
18280482836
15883443386
18711847865
18780046021
13438341851
15294693771
13419276976
13408557952
15873847002
15183852142
15883846184
15073886479
15183687694
15982140510
13438159404
18374119228
13689637346
18782589401
15708904208
15283854468
15828204272
15197839249
13845848704
15973805134
15724233469
18380408789
15073841719
15708905517
18482566993
13408644266
18783840941
18249894651
13766190410
18204583647
18380408967
15080816354
15243855521
15183680465
15984937492
15982346509
15243437335
18482336495
15764586147
18383801214
14702856945
18380400886
18714774387
13469492259
15754584420
13408577515
18227193410
18773895438
15708476274
18783840645
15883654504
18216462736
18846234922
15982944493
15202842721
18380145993
15080830614
18303374095
15289198624
18846234257
13409867335
15089001794
18780041657
18807468349
15948422563
18380142396
15926717964
18337236134
15243438156
18474792732
13636132975
15181035449
13894583104
13419286106
13402883497
18482352943
18782140965
18281060314
13943592634
13467384813
13456759241
18804582084
15873400971
13624351742
15183690042
18349784634
15708975316
18272450101
18380194617
13408538412
18402836852
15928407021
13467889641
18482067146
13461472840
18473877141
13550610149
18711870624
18280482697
13438202712
18272454087
17873845794
15273837234
15115877143
18380642460
15196944204
18216461753
18227642032
18783843544
18814780489
18404585643
13409747855
15243852741
18380143269
18728496385
18780012804
18814879873
18773815604
18428070058
18373846406
15183675814
18349310665
18224006276
18280586494
15282847374
18478211645
18374144649
15984935448
13487993145
18445824186
18402845722
15883428473
18383835431
18328527423
13438802353
15197804440
15183680064
18381953067
13408604171
15289198649
15828120254
13684428170
18711849803
18328546215
18345877274
13636006591
18281042420
18216479634
18383804319
15883404800
18445827904
18272154594
18272142097
18402863802
18272451565
18349385891
15183823947
18774441534
18380429958
18783840420
17873824154
15183808847
18224082611
15892470940
13409893438
18380445618
15181029428
15928462582
15171640874
18771600748
18708144941
15704580154
13438165198
15708973775
18200487860
13438235734
18383846146
17872267473
13664584563
18308430074
18711861422
15243885137
18711847257
18271561599
18349235710
18345864015
18402814690
18482318092
18224095962
15984941742
15181098440
15883427674
15828491715
13807464642
15883442491
13597574789
18445808460
13407484415
15706576911
18780020654
17845084305
13647139759
18328514461
15883656459
13469495503
15282898342
15144370280
15115807044
15704584106
15883695314
13438185025
15115884320
15778097381
18349337515
18200498903
18408276492
13971744856
18411472913
18383850847
13409869034
13944582842
18377624287
15183837490
15708244655
13438223670
18200453010
18280554514
13846682564
13438374362
18402863528
18473881235
13845801874
15765996834
13438294580
18402865692
18380417349
15708974471
18280473260
15094596441
18280568134
18814581294
18411436142
15979478431
18402817627
18380407484
18474664531
18380194230
18200419301
15080833149
13408669596
15282851544
18774439464
15873882441
18780010746
18224036835
15183892443
18745884826
18280566394
18482145360
15892461140
15779460140
13438016929
15982463780
15080819045
15134674519
18224402875
15774584585
13943575864
18383834760
15873897544
13766183485
13419281551
18380403190
18216490518
13438233255
15828658914
15243808985
13550601374
18349389307
15708975007
13419286745
15775381604
13550653264
15883415544
13593688505
15273841347
15243894050
15183831429
15982944241
14702868256
18349158227
18349377051
15143596443
18374101822
13408057456
15183879140
13698180546
13550605754
13943404189
18782405430
17808312848
18782569094
15094595493
13697145060
18281053914
15283858147
13419017819
13550627403
13438284264
15873813604
13408575762
18349342947
15706597523
15197825430
18216494399
18224080836
18227192874
18380198942
15073853142
15883431054
18478201485
18845834756
13469494127
15982848620
15181022474
18714787407
18482371838
18272453530
15198046815
15843581274
18483663818
18328511724
15114399428
13438301397
13419278841
18308449478
18482366435
18282569742
13658168224
15883449471
18482370577
15873890604
15243276514
15183864484
18445840466
13438160520
15984921402
13469470198
15765993504
13614350469
18374271239
18328423853
15282851848
13689630464
18324654218
14708006120
18888461767
13408472660
15982457212
13635851395
13458557840
18411561939
15708003264
15183854409
18308414643
17873832954
15181094846
18773828447
15283854473
18323833890
15243438170
18383829425
18782206953
18428373930
18482379722
18349378837
15881948294
18845845477
18774444307
13477625358
18774456914
15706578716
15282854754
15177460765
15183830234
13419292105
15114395914
18482382207
18773890418
18744294912
13796492441
15764586764
14702866347
15114357684
13604456554
18482331805
18200543539
15883677314
18380406348
18276780134
13438055289
13408582274
18343550418
15114076355
18374148735
18374148149
13550609654
13550620540
18383804749
18780018409
15228842671
15228843693
15884251406
18224023062
18780144975
15843584162
15183815645
18383839745
13458664548
13438379478
13550628406
18773812614
13438801540
18383820104
18724584183
18483104663
18408212325
13658166094
18383847584
18328548354
13419040302
15273833714
18383854418
15273871479
15982453522
18349234157
18272450577
15183896946
13894589154
18349393033
15982841370
13550603543
15243897279
18483680243
13635898916
18714585443
15143508342
18773847307
18349311839
15243889416
18216494048
18349340618
15984921014
15267733824
15928749615
15173843845
18383805741
18383834665
18272140084
18374134711
15183674064
18845825145
15071714857
15883404674
18380347585
15973851154
18445838479
15282886144
18782266226
14702868069
18224096079
15883629744
13684583504
18702814260
18349344903
18349378576
15004352964
18200245653
13438167709
15892482418
18478205639
18482021452
18781984627
18380120642
18402872804
13689667452
18216483236
18200547978
13487065755
13658170349
15884281403
18483124681
18280419758
18383844910
13438843290
15883837674
13469495495
18402873045
13636113751
15907386404
15080840712
18334396596
18272145290
18428302602
18374138542
13668301452
14704588114
18482343175
18845850724
15873842857
18404585437
15183835346
13636108516
18473870491
15094594814
18224410701
18216456714
18402856270
13904584157
15282879420
18782186755
13408469085
15273853045
18380144294
15282871248
13438136964
15973840264
15947948014
13402889567
13438138574
18280479678
13438842662
13438894554
13469882253
15883800412
18231044603
18473823459
18374266802
18482357609
18728048400
18280347175
18428376064
13419286603
18200146286
18390523345
15873863847
13458614121
15043551504
18374137229
15981202524
15228942373
15982245233
18200493917
18308417417
18772510501
18289114712
18307385942
13438158563
18224067567
15892477491
18390566448
17872251842
18227195418
13684584696
18482147629
18774430206
13408533881
18380435553
18227164958
15804586514
17872262472
15089058341
18782226824
13438081159
18216462957
18304585246
18272144831
15073827044
15073819054
18200429272
13438228763
15884287545
15883448854
18483106472
13438002182
18224406710
18383836741
18772396015
18711892441
18745308751
15884259433
18482332218
13593650804
13467386605
18773857431
18380647149
15981135904
15072728802
18324584314
18349338730
18483104852
18482313539
15197852044
15197850043
15884280534
15243883861
13408657377
18200418553
15243866457
13704854028
18227140441
18230263934
17845083884
13458528938
18728043048
15283853481
18200140950
15183815364
18380416169
18473814547
18374271237
18745804284
13894514535
15197834431
15708907074
15243892939
18782444233
13438846292
17873824406
14728992013
15928420510
15884270694
18473842251
18845865438
18482377951
15282868471
18473842230
13458664814
15183685024
18308431466
15071712923
13483332005
13943407684
15243811468
18328435697
13766140423
18780198475
18383849648
18428305340
15244906253
18289109954
18280497332
18280571874
15089054731
15971404520
15080814136
13846629014
18408261046
18349390649
18324587164
18814584279
18845812646
15197849540
18281036640
15973083447
13408593656
18745802074
13407489806
18283849478
15892477641
18383809914
15776065436
18445820584
15183665409
18328504126
13628103874
13409843483
15726774808
18445807154
18349105186
18380144772
15973880924
18702884872
18482151847
18349331034
14708000693
15183680840
18782234603
18228047368
13487046930
18228944311
14702853849
18782236402
18711875134
18482055639
15089054605
15243859132
18380412768
15183854648
18782270247
15273844149
15102841092
18224015759
18728477515
15243851170
15171701408
15273845972
18724582343
18380409097
13796527604
18374146128
15843513804
18482387051
18380441762
18374131685
15282898804
15181048246
18774459629
13438110987
18383809284
13550609404
18390586240
15778988915
18383808646
18308413584
18380149958
13872029684
18814587347
15734587924
18228939914
18482352715
13438147736
18200457923
13658175040
15971384808
15183874144
15008364172
18782174612
13687135663
17845082246
15873832647
18373836114
18702814652
15828404887
15873803846
13636025767
18780143009
15183831340
18349139653
15183882425
15243819642
18244411694
15828150447
15008226740
15928463061
18711809047
13487049342
13467384410
15926718975
13488904611
15883675472
18349349006
13647134728
15881474420
18272124986
14708006110
15183877948
13689614210
13904241064
18283849774
18783844834
13697144708
15273850784
15228942287
18349388849
15273818764
18349343430
15115845862
18728488780
18473877946
18280565745
13438153988
18782036431
15926719281
17872251437
13874654914
13704354830
15844584691
15044509461
13488936224
13664441604
13658167412
15208493087
18380407992
13618108284
13668318784
13458610513
13461475845
18349340355
13678385894
15114071255
18780010524
15277286204
18704358354
13488912213
15707199028
13438306056
15973870314
15726710411
18374141004
15984931747
15114071987
18380430850
18390573424
13846634083
15243894917
13419285203
15824671953
13707254443
13419270709
18224098537
15181046354
18782008264
18782280582
15183811834
18349341676
15873874947
18349179890
13419285944
13402895689
15982949849
15243868461
18349341032
15873810724
15282856401
13469470076
18771610204
18272134516
15243853200
18272140917
15183811482
18483187433
18200430523
13419283559
18774432819
13438362590
18308417402
18243613594
15243861543
18383807364
15246923445
15200716430
15804356465
18383830274
18380133405
18383844334
18774450514
13409842634
15183837418
13402867132
15080847447
18780022742
13618672364
13408655593
18782404364
15897933974
18283811420
15892482479
15926786033
15114068891
18280542994
18200479970
13408571217
18224002935
13844542401
18271560699
18224420337
15084298262
18224025397
18272452935
13438275719
18711853114
15183674602
18308430448
13408495722
15874629034
13469489256
18227143841
13657135536
18328434945
13689634845