18281096646
13487050680
15944587403
14702851673
18780070847
15282881142
15883651674
15973099314
15282891743
13419274620
18411425705
15183853840
13504573014
13635893871
13458695789
18483127454
14708005870
15706591914
18380649841
18380401374
15928462169
18390500641
18373806144
15979264682
15883414048
15243854233
15984902244
13438156724
18411560457
15708972419
18473867689
15883843489
17872896574
18482021447
15243854759
13593691670
13408545516
15008345405
18445824974
13408661344
18224099102
15282892794
13408408252
18383802340
13469494744
13438809504
18349181135
15708908142
18781961140
18402837844
15089054532
18782403396
18272459557
13458674937
13843534457
13469489325
15198140329
15754586724
18283800456
13678387549
15982456268
15089054377
13438123132
15198049137
13550625824
17873840004
18402859939
17872891154
15273828471
18383834676
18398194940
13469493757
18473879771
15115874902
13845805546
15881476342
13438273372
18380141533
18780124144
15707866693
15828414757
13871974298
18711847648
18380151141
18445843482
13846699404
18402837388
15708908302
18304586043
15282860240
18380403525
18374114608
18782260144
18224471233
18478213127
18383832814
15181017394
18482309628
15707137025
15873857541
18478366199
17845084965
18374109925
15181097433
13618675012
18349383449
18227124544
15243898625
18782200641
18349138605
18702859435
18383849742
18473842180
15708973020
18814883015
13971743978
15704589402
15708004641
14702851793
18373884490
18814582414
15973877754
13408624332
15883424692
13438837923
18308416540
15271618456
18774443526
13766754821
15928147207
18383849845
13438979904
18380400811
18281085541
18200408337
18482323221
15982940459
15183830504
18200479259
18845836140
13408653736
15926766596
13635887680
15073890344
13407386231
18383800747
13407383814
15076483364
18227111040
15828230451
15928426513
18402868953
18216456454
18200461702
13438003829
13419024516
13469486456
13408419143
15982489532
18284895314
18380445064
18482148842
18200483527
13419033687
15245864956
13658172541
18773848636
13471662584
18373885144
15883441347
13458660751
18200458126
18473842756
13408406084
18383854651
18443574556
18402842015
13419026648
18845864521
18383802334
18216480567
15984946890
18782185727
18774439329
15114071909
15273841761
18345887440
18324684032
15182558764
18380105684
18780078346
15928427782
15243833961
18216488134
13461473470
18458411251
13550606451
15282877475
15928548075
15873858344
13461474603
15973814221
13458970429
15707138941
18445824427
18383835774
18774454565
18711863425
13438123165
18473868328
18771591400
15982943491
18408213786
18380420050
18383838804
18281003954
18280549481
18349340877
18308412480
13550663244
15983074254
15245894337
17873824485
15273837401
15982842890
18224057077
15243829842
15883405543
18782400462
18482562862
18283848248
15282303314
15978145422
13408492031
15973867044
13476719743
18383859424
18439289213
18308421094
13438464550
18780053514
18783843094
13550661418
18845804147
18402859938
15973094524
18272459668
15183887224
18280532442
15807387401
15243824716
18845854983
18483124907
18711855734
13654354435
15883660547
18390584428
13438160901
15928418175
18782585470
15208245776
13438465979
18714767042
13467389919
13636111449
13678382044
15183680249
15754581452
18714779364
18380147036
18382800124
13438018093
15828649478
13438212952
18374261138
15973094825
15984940829
18390585344
18445822431
15183692401
13408633854
13487991747
13698184479
18773844352
13461471174
15928142731
13658177042
15143501447
15873814939
18702831134
15273871418
18473844182
15102849819
18483127441
15183844840
18349138050
13438376403
18272453903
15243868778
13408639931
15040680807
15197838143
18200479789
15926769273
18349304195
13419290114
13845836484
13438369694
15044611565
18483662857
18380198848
18728499072
15289095473
18474690553
13886446415
18383829794
18780040897
18383828594
18439289176
18408283754
18216450609
13974688245
18782283004
18283804143
15073870646
15173847740
18283803453
15071686834
14708000895
14702851368
15183810148
15776001004
13628077984
18782295823
13550664974
18714763634
18272451934
13658167148
18780044694
15243437206
13438343397
15884284165
15874628154
13458664693
18782278836
13766140049
15926710759
13438614468
13408459517
13438106163
14702851739
13687137737
18200470598
18200432915
13487044978
18445840433
18227145438
14702851756
15982418972
13550636643
18200416989
15283870440
13458564735
18482396676
18328512634
18711845612
15774587471
15115893334
18402857414
15734580486
13698183143
18473814915
17873824423
13550615487
18272134851
15183874869
18200149592
18280400261
18439294368
13894596949
15883813485
15883443684
15884271438
18773818144
15183695645
18383859483
18390544015
15183681624
13843572439
15197823347
18473868072
13635834450
15072737774
18200449070
13419272975
18782002843
15973847425
13846626064
13698191334
18782246154
18381049180
15947923248
18482339717
18349183236
15282869417
15228945520
15243883673
17872262450
13766182364
13487044852
13438461857
15874629774
15947914913
13408587450
13408557119
15183884224
15144341419
15183833094
15982497512
18281064091
18200471153
18349185605
18482331158
18216479418
18272459706
18380410266
18478205442
18324683247
18711825848
18380407701
18272451329
15183684049
13409774948
13476694099
18783843247
18380641473
15243833716
18224068536
15926720186
18227110544
13419044445
18782454909
18774444775
13409839284
18349350607
18283805844
18272457620
13408511152
13408506799
18200346797
13419032729
14702868134
18380141130
17873832394
15836021225
18280498970
18280472932
15828436863
13668303348
18383847490
18328544717
13698192347
18216452082
18383852048
13550604549
18380415626
15273849283
15208497079
18473856212
18224010163
15883449254
15071704472
18402929380
18383844122
18402864867
13458694176
15984922184
18308419047
14702856577
13518984450
14709236380
18445821496
18349336716
18702809440
18349311494
18402885424
13408621075
15282892048
18215646596
18345582429
15283881104
13408663648
15926721464
18728523470
18324661494
18224092785
15073801844
18482379979
15183899524
13458510709
18383839784
13408647674
15073804344
18402868802
13409776250
18408200558
18383801274
18380146070
18349347232
13408085497
18482368108
18383834981
13550623841
18402860358
18380426928
13636080975
13689657489
18200437757
18349340509
18380645942
13469475652
15883814442
18782041746
15007388644
15080806414
18478213024
17872883774
18404585431
13458650470
18780034697
15204586224
15181024824
14794587441
18408203894
13419271474
18349316683
15883825604
15883817457
15708908679
13943406048
18383844842
14708012360
15243866630
13487025362
18380452351
18780141271
18473831380
18349395342
18411472721
13677130054
18328529439
15776067394
15243832729
15243885431
13408477643
18782420295
18291408166
13844599734
15183667458
15243882040
13658162734
15145823461
18231005904
15243884380
18374271102
15734586346
18473814609
15181042849
18224045801
18224076138
15973817314
15115814114
18774438755
15183832481
18383845344
15073882540
15089046234
15073819814
18383838469
18381985604
13458613487
18280547004
13438203571
13419286531
18308416428
18473879716
15704364507
18271545234
13438479018
18711879843
18349390467
13408601851
18374255382
13995934014
18483102485
18814584216
18249874315
15873804354
13689642284
18200406637
18349180793
18200440765
18349314755
13458630246
18224062719
15883840841
18373893248
18397494147
13408671273
13689634459
18307386944
13408661381
18224006260
18224021202
18402859858
18428067257
18772530064
13438228925
18328524987
18482165417
13766722734
13658172946
15171704328
13696196048
13628076040
18380409496
13408632317
18445834649
15245875874
15282878640
18814586640
13547745610
13944545364
18373878544
18781984344
18380343571
15774580854
18782201907
15183687846
13704855643
18711842730
15183833548
15243818465
18445841546
18244604557
15708970259
13438223869
13438186727
15243818036
15289197488
13438146842
13408088413
18281074276
18328548881
18374259039
13408551412
18345892247
18473844977
18373878144
13438348893
15183683654
15884285504
15908400152
18224058801
18428304670
17873806494
18280347138
18280541274
15926754283
15883449244
13419294674
15707888843
15907380234
15928411556
13872008430
15873816744
18745895489
15243437409
15908148368
18283822418
13438001551
18380417322
18774431136
18428069851
15947918349
18374148662
15282892347
18224097203
18776946793
18224467587
18411562494
18782427274
13408630947
18308411249
18349313188
18309440451
18398180974
13644355542
15283868274
18383127485
18380112343
13408581119
15828437162
18782257392
18224097863
14708003466
18216463454
15883437419
13944594373
18317343605
15183815412
18304583474
18224042868
15183859064
18714781947
13945894901
15177125607
18349380806
18272457183
18411439849
18224051339
18483655485
15982243237
18334395227
15243897642
15273834843
15114085655
18380420146
15834560964
13408498182
18272142733
18782272477
18474556544
13438459698
17872872284
15897387254
17872267904
13689627461
13408562070
18216496875
18782283918
18200456523
15080834959
18774444842
18308431846
13461471494
18227111024
18380409768
13438235990
18473837877
13704584025
15883822479
18200425038
15883679254
13408572710
13488979848
18383852420
15044550341
18772442098
13619085742
18383851462
18482330059
15246934605
13658177549
18474673391
18478211619
15183817594
18782544077
18308416464
17872874459
14702868077
15926779585
13628074346
13986534758
13438161424
15273882642
18408227392
18781994315
15973822334
15208499915
18877668107
13407705270
18373824407
18244411643
18474697335
18380400532
15208459539
13886431018
17873845549
18371374418
18845844247
18328545206
13408661310
18349344596
15134668741
18374265940
18445838354
14784589964
15181026614
13408408332
18272124776
13408649890
18473899547
15706575615
13469383132
18483128049
14702852322
13488941223
18308433084
15828658814
13419280562
18482267662
15071672478
18390534608
18782442042
15143596946
13438864941
18708142172
18349165609
15973840414
15043504981
18200423156
13408559087
15873803644
18349160256
18200495613
15273846214
13438997806
15282878341
18774459315
18708126647
18772486723
18224053081
18782240018
18374103689
18227198044
15243858378
18224020290
13438465026
18374120410
15227242411
18782118447
15196349477
14702855002
18349349776
15883624450
15828419774
15008343154
18216486640
15928949735
15289094845
18482326827
14726024675
15243868351
15282872664
13894683145
18482322717
15183686748
13995940928
13658169453
18276741284
13658157431
15883434047
15273813847
18445826245
13488922883
18380124139
13697140262
13419277095
15089048348
13469470067
15224593483
13658164287
18714782024
18200492878
15973899624
13689664481
18383830420
18383860456
15928452369
18380109334
15982848192
18373829334
18782413025
15243839857
15273846859
13469470658
18224069589
13419288969
15843584069
15776065143
18380137543
18373898434
13694588465
15928147051
13408628450
18349391551
15734588346
15246930247
15183687464
18445834701
15883442149
18280469165
18200451875
18411442157
18349376966
18482331533
18280146533
15080822504
15145821434
13784577979
18473868921
15181088604
13408469408
13617136149
18224416009
15765995049
15243864275
15071683746
15984920874
13408593408
15128394747
15928406820
13488915101
15089054556
18390510346
18702864108
18408226078
18845834870
18482064553
18390545993
17872254872
15926721050
18216492508
15982347219
13488909819
18711847125
13409771040
18216479614
15883615643
18380405491
15289198641
18383849694
15243897863
18773814345
15926750560
14708005921
18227146483
15884529538
15883402774
18745891495
18482344756
15114071665
18349392725
18343615384
18328045796
15115883449
13647463540
13766185034
15706595623
18708124864
13518992249
13419285915
15984926432
18380433291
15982842050
18200428732
18782186452
18482501174
13618675820
18380441258
18302846939
15754581408
13438978024
15183696924
13408565618
18845843461
18772392623
18380445887
18349318747
18711846219
18380646843
15883441445
15873807514
15984908584
15072725762
13438266016
18283834148
15982431511
18408286548
18383851714
18482362594
18216495537
18380419408
18482335065
13469478736
18782258949
15883680042
18782445605
17845080504
18404589745
15973087734
13467386318
13796504056
13696194081
15973843415
15115816224
18383831646
15883617945
15243289651
18383806486
18745891474
13419276149
14702851996
18383844425
18782015741
18383834661
13458654519
15984941140
18216451270
15183836114
15884251451
13408492680
18408204653
18380148775
18782296344
18773863041
15883841564
18224020937
18383854831
15984922541
13438241629
15708973609
13648107164
18478205306
13438167398
18324664286
15243814033
13636062772
13476684099
18380405471
18774448750
13438306624
13458680159
13894538854
15883626744
18473845141
13843518841
13438112098
18408223863
15246946894
18304354115
18380104481
18711842620
15245893498
15197849141
13458499377
13467887119
18308432450
13408489379
18408225269
13438049376
13550623345
18780026194
18745800224
15883696134
15273844337
13438228742
18428070775
15094571474
18373897844
18473823336
18782423148
18711804344
13617138825
18374138379
15283800214
18381009647
18473805810
18224416672
18224095516
13438037998
15282896464
15273859774
13408558987
13628904899
15243883163
18349139998
18349342093
15707136824
15273844390
15273858447
15283854408
18224055116
18380443132
18390582004
18244418462
13784585693
15243869336
13408527597
18272457120
15982463981
13846617974
15873850645
15928146726
15283874984
13408618662
18782066014
15973096054
18243211416
18224056862
13409844437
13419277027
18280428625
18383851431
15928478627
18473867036
18373844019
18383850442
18782451022
18380110464
18380421741
13408633415
13402819956
15243868382
15883695249
18283828784
13636073661
15183660485
13689631164
15245892463
15884264788
18482322783
18380400865
18280568149
18408225752
15282859471
13628900604
18324667941
13936996934
18334364927
18383806184
18345865845
18772444398
15243484577
15926782473
13469499214
15183664898
15282862954
18349348728
17858427727
18200432939
18382570474
18478214263
18411469599
18473814005
15828438636
18272450639
15928642181
18224019028
18473873180
15708909812
13461490423
13408533524
13945874879
18473873669
18445807464
13438841017
15243861648
18772518954
15708901175
13550629148
15196338496
15071685643
15706590822
13487995259
18373855430
15243855282
18308417494
15282549164
15973852434
18349320754
18728048419
18224060500
15928141659
18200413900
13419027870
15883688459
18445824140
18272154591
18200439521
18224097338
13408626978
15973887405
13402893116
15115884338
18745894543
15926718617
13658107514
18280477715
15774580948
18224096119
18443581714
18782259285
18782513664
13698196834
15883691482
15181044008
18482362573
18349380149
18383848904
15181041040
18781042495
13668310704
18774451461
15183677243
15183677941
15183816547
13550627274
13658175243
15881479841
15928457213
18374272102
15283882412
18383808427
13689656848
18380148448
18374270729
18383835470
18782219011
18272149800
13488987707
18349390415
18711875477
18773852946
18411425682
15979494631
15973859554
13408018960
18711809874
18711895410
18814781494
18428081608
18341417644
18280410069
13438126184
14702856575
13419013326
18482382380
18216455932
18224098856
18845828274
18383839514
15073860334
18483106247
13458626270
18473868175
18383800641
15044610821
18374266106
15071712682
18814857165
15883828541
13419288289
18443572497
18302840203
13438140953
13704146428
13678310479
13628904202
18845861640
15884274232
15828229424
19844931869
18227648086
18482339157
15982946468
15982491182
13438171599
18380138664
15973861704
18482320673
18374634495
13487057240
13548186426
18200492139
13628103425
18402866182
18349328914
18302840695
18380436100
18390589534
13438495379
13438377724
15071716437
15926757456
15984938342
15982438528
18428073306
13438060265
18383836647
18280423980
18774458927
15273840405
